278.75655192871096
276.58957592773436
280.9652799316406
277.02472556152344
284.618166796875
275.8411859375
282.8587921386719
286.21522036132814
282.72483161621096
287.836
280.07635798339845
284.02150107421875
275.16274162597654
278.1199294921875
282.7501167480469
278.5826442138672
275.49778395996094
276.26433256835935
278.1003150390625
274.6862169433594
286.09600595703125
287.09018251953125
281.93086845703124
282.06303115234374
283.5020574707031
282.46935048828124
298.09711906738283
291.70031376953125
286.95790935058596
284.96616518554686
284.960481640625
282.13002087402344
283.0306580566406
278.60864223632814
281.00990529785156
283.7730624267578
280.46770009765623
277.24834528808594
279.5351539794922
285.1850994384766
275.8078596923828
300.64771142578127
299.1443440185547
278.23145505371093
278.03689958496096
274.2225313964844
280.7465909179688
280.46984245605466
283.92152802734375
288.17589052734377
300.13453461914065
284.53621159667966
276.25784575195314
287.3514924316406
285.10128718261717
306.67974787597655
304.86214418945315
290.2762219482422
310.2233023193359
310.4064714111328
290.75819538574217
287.0622295410156
273.1242727050781
287.63200029296877
282.82034812011716
278.3653597412109
285.25725427246095
318.07196369628906
281.64208046875
273.67706083984376
278.3476065429688
306.79353186035155
278.91230554199217
297.5716223876953
277.7832530761719
284.78072917480466
303.238866015625
278.77688525390624
278.3655513183594
280.41431721191407
308.7215896484375
277.34041833496093
279.9560488037109
282.24733439941406
277.2196770263672
301.63674333496095
288.44037790527346
274.90283486328127
274.7597364501953
275.37826564941406
281.2874471435547
287.5715291748047
306.02992653808593
281.38357111816407
278.85994904785156
388.3481253662109
277.3476610107422
286.9907450683594
276.20667138671877
276.90857736816406
273.7955098876953
335.31091059570315
449.87960678710937
274.87161713867187
273.6427270996094
311.5139994873047
279.8740467773437
293.2059244628906
308.6351780517578
